0.00 0.00 0.00 0.00 0.00 0.00 0.00 0.00 0.00 0.00 
-0.09 -0.09 0.09 -0.10 0.09 0.10 0.09 -0.09 -0.08 -0.09 
-0.25 0.02 0.07 -0.16 0.26 -0.19 0.10 -0.17 -0.07 -0.01 
-0.12 -0.09 0.02 -0.28 -0.02 -0.09 0.01 -0.07 0.00 0.07 
-0.11 -0.17 -0.19 -0.20 -0.01 -0.06 0.04 -0.16 -0.02 -0.03 
-0.37 0.23 -0.31 0.29 -0.13 -0.18 -0.21 -0.06 0.04 -0.05 
-0.23 0.57 0.05 0.45 -0.35 0.36 -0.23 0.54 -0.13 0.41 
0.41 0.20 0.41 -0.08 0.08 -0.01 0.22 -0.14 0.34 -0.06 
0.72 -0.44 0.45 -0.15 0.17 0.01 0.17 -0.05 0.39 -0.49 
0.35 0.05 0.25 0.28 0.26 0.06 0.06 0.20 0.01 -0.15 
0.36 -0.43 0.63 -0.13 0.40 -0.06 0.17 0.01 -0.03 0.05 
-0.14 -0.08 0.58 -0.47 0.26 -0.20 0.25 0.17 0.15 0.25 
-0.13 0.28 0.06 0.14 0.10 0.01 0.34 -0.20 0.50 -0.11 
0.09 -0.29 0.12 0.21 0.03 -0.44 0.25 -0.03 0.45 -0.31 
-0.10 -0.07 0.42 -0.04 -0.45 0.08 0.33 -0.29 0.23 -0.44 
-0.10 0.34 0.31 -0.45 -0.27 0.33 0.14 -0.07 -0.27 -0.09 
0.34 -0.02 -0.06 0.22 0.15 0.05 0.15 0.13 -0.29 0.23 
0.22 -0.22 0.09 0.31 0.27 -0.10 0.18 -0.11 -0.12 0.14 
-0.07 0.27 0.33 0.11 0.08 0.09 -0.01 -0.06 0.11 0.22 
0.11 -0.01 0.35 -0.16 0.26 -0.18 -0.15 0.04 0.28 -0.24 
0.19 0.17 0.26 -0.40 -0.00 -0.03 -0.18 -0.05 0.14 -0.11 
0.35 -0.28 -0.23 0.14 0.07 0.26 -0.14 0.26 -0.04 0.04 
0.16 0.15 -0.14 0.41 0.35 -0.27 0.06 -0.14 0.07 -0.19 
0.41 -0.04 0.19 0.00 0.16 -0.02 0.03 0.42 -0.20 0.02 
0.43 -0.18 0.10 -0.10 0.24 -0.24 0.54 0.13 -0.08 0.23 
0.19 0.04 0.06 0.08 0.10 0.16 0.78 -0.11 0.07 -0.21 
0.16 0.17 0.06 0.10 0.37 -0.31 0.78 -0.12 -0.20 -0.03 
0.45 -0.00 0.09 -0.29 0.18 -0.11 0.78 -0.23 -0.26 0.00 
0.38 -0.32 -0.27 0.14 0.00 -0.22 0.46 -0.16 -0.14 0.14 
-0.03 0.22 -0.04 0.39 -0.32 0.21 0.19 0.27 -0.10 -0.20 
0.14 -0.19 0.39 -0.52 -0.19 -0.07 0.36 -0.20 -0.38 0.25 
-0.12 -0.29 -0.05 -0.17 -0.33 -0.05 0.26 -0.04 -0.19 -0.28 
-0.33 0.08 -0.14 0.38 -0.48 0.24 0.12 0.11 -0.55 0.32 
-0.22 -0.09 0.31 0.08 -0.33 0.02 0.30 -0.07 -0.34 0.45 
-0.22 0.34 0.48 -0.28 -0.23 0.04 0.32 -0.05 0.01 0.03 
0.02 0.14 0.30 0.41 -0.09 0.12 0.34 -0.05 -0.06 0.01 
0.24 0.20 0.81 -0.26 -0.02 0.17 0.21 -0.32 0.01 0.01 
0.54 -0.37 0.49 -0.49 0.07 -0.05 0.01 -0.15 -0.05 0.03 
0.25 -0.07 0.09 0.45 0.12 0.26 -0.08 -0.03 -0.09 0.61 
0.27 -0.05 0.47 -0.12 0.29 -0.13 -0.02 -0.22 0.60 -0.15 
0.33 -0.15 0.28 -0.14 0.26 -0.14 -0.30 -0.27 0.41 -0.27 
0.24 0.01 0.22 0.16 0.20 0.27 -0.64 0.32 0.24 0.49 
0.36 -0.12 0.29 -0.28 0.38 -0.23 -0.41 -0.04 0.64 -0.30 
0.18 -0.26 -0.06 -0.00 0.26 -0.18 -0.47 -0.02 0.26 -0.31 
-0.19 -0.02 -0.00 0.28 0.17 -0.23 -0.39 0.20 -0.13 0.04 
-0.30 0.20 0.17 -0.03 0.01 -0.01 -0.11 0.23 -0.01 -0.02 
-0.19 0.28 0.20 -0.15 0.05 0.07 0.21 0.42 0.04 -0.03 
0.18 0.24 -0.03 -0.14 0.06 -0.18 0.54 -0.32 -0.07 -0.22 
0.47 -0.34 -0.10 0.25 -0.21 0.05 0.31 0.07 -0.39 0.30 
0.20 0.04 0.06 -0.19 -0.06 0.42 0.46 -0.46 -0.00 0.03 
0.33 -0.39 -0.03 0.26 0.27 -0.26 0.08 -0.09 -0.05 -0.07 
0.04 -0.32 0.30 -0.39 0.11 0.10 0.09 0.41 -0.20 0.39 
-0.20 -0.02 -0.16 -0.17 0.13 -0.21 0.43 -0.50 0.28 0.05 
-0.31 0.13 -0.40 0.39 0.01 -0.11 -0.13 0.17 0.24 -0.12 
